image_width: 640
image_height: 480
camera_name: narrow_stereo
camera_matrix:
  rows: 3
  cols: 3
  data: [322.7364 ,   0.     , 312.34834,
           0.     , 324.3123 , 254.25595,
           0.     ,   0.     ,   1.     ]
distortion_model: plumb_bob
distortion_coefficients:
  rows: 1
  cols: 5
  data: [-0.287524, 0.057894, 0.000649, -0.000985, 0.000000]
rectification_matrix:
  rows: 3
  cols: 3
  data: [1., 0., 0.,
         0., 1., 0.,
         0., 0., 1.]
projection_matrix:
  rows: 3
  cols: 4
  data: [222.53615,   0.     , 310.56168,   0.     ,
           0.     , 255.51157, 264.01987,   0.     ,
           0.     ,   0.     ,   1.     ,   0.     ]
